[0.33333333 0.33333333 0.33333333]
[0.46382242 0.27305889 0.26311868]
[0.51304024 0.26878107 0.2181787 ]
[0.53379584 0.27870318 0.18750098]
[0.54517518 0.29058582 0.164239  ]
[0.55303083 0.30129593 0.14567324]
[0.55917083 0.31035175 0.13047743]
[0.56423112 0.31793143 0.11783745]
[0.56850084 0.32431115 0.10718801]
[0.57215191 0.32973274 0.09811535]
[0.57530485 0.33438623 0.09030893]
[0.57805053 0.33841771 0.08353176]
[0.58045961 0.34193986 0.07760054]
[0.58258784 0.34504043 0.07237173]
[0.58447978 0.34778861 0.06773161]
[0.58617131 0.35023954 0.06358915]
[0.58769162 0.35243769 0.05987069]
[0.58906464 0.35441922 0.05651615]
[0.59031015 0.35621383 0.05347602]
[0.59144462 0.35784615 0.05070923]
[0.59248186 0.35933671 0.04818143]
[0.59343353 0.36070277 0.0458637 ]
[0.59430953 0.36195895 0.04373152]
[0.59511831 0.36311769 0.041764  ]
[0.59586712 0.36418966 0.03994321]
[0.59656225 0.36518404 0.03825371]
[0.59720913 0.36610876 0.03668211]
[0.59781248 0.36697074 0.03521677]
[0.59837647 0.36777602 0.03384751]
[0.59890473 0.36852989 0.03256538]
[0.59940046 0.36923701 0.03136253]
[0.59986653 0.3699015  0.03023197]
[0.60030544 0.37052702 0.02916754]
[0.60071945 0.37111682 0.02816373]
[0.60111056 0.37167381 0.02721563]
[0.60148059 0.37220058 0.02631883]
[0.60183115 0.37269948 0.02546937]
[0.60216369 0.3731726  0.0246637 ]
[0.60247954 0.37362185 0.02389861]
[0.6027799  0.37404894 0.02317116]
[0.60306584 0.37445543 0.02247874]
[0.60333835 0.37484274 0.02181892]
[0.60359833 0.37521215 0.02118952]
[0.6038466  0.37556486 0.02058855]
[0.60408391 0.37590193 0.02001416]
[0.60431096 0.37622435 0.01946469]
[0.60452837 0.37653304 0.0189386 ]
[0.60473672 0.37682882 0.01843446]
[0.60493656 0.37711246 0.01795098]
[0.60512838 0.37738467 0.01748694]
[0.60531264 0.37764612 0.01704124]
[0.60548976 0.3778974  0.01661285]
[0.60566013 0.37813907 0.0162008 ]
[0.60582412 0.37837166 0.01580421]
[0.60598207 0.37859566 0.01542227]
[0.6061343  0.37881151 0.01505419]
[0.60628109 0.37901964 0.01469927]
[0.60642273 0.37922043 0.01435684]
[0.60655947 0.37941425 0.01402627]
[0.60669155 0.37960146 0.01370699]
[0.6068192  0.37978235 0.01339845]
[0.60694262 0.37995725 0.01310014]
[0.60706201 0.38012642 0.01281157]
[0.60717756 0.38029013 0.01253231]
[0.60728945 0.38044864 0.01226192]
[0.60739783 0.38060217 0.01200001]
[0.60750286 0.38075094 0.0117462 ]
[0.60760469 0.38089517 0.01150014]
[0.60770345 0.38103504 0.01126151]
[0.60779928 0.38117074 0.01102998]
[0.6078923  0.38130245 0.01080525]
[0.60798261 0.38143033 0.01058705]
[0.60807034 0.38155454 0.01037512]
[0.60815558 0.38167522 0.01016919]
[0.60823844 0.38179252 0.00996904]
[0.608319   0.38190657 0.00977443]
[0.60839736 0.38201748 0.00958515]
[0.6084736  0.38212539 0.00940101]
[0.6085478  0.38223041 0.00922179]
[0.60862003 0.38233264 0.00904733]
[0.60869038 0.38243218 0.00887744]
[0.60875889 0.38252914 0.00871197]
[0.60882565 0.38262361 0.00855074]
[0.60889071 0.38271567 0.00839361]
[0.60895414 0.38280541 0.00824044]
[0.60901599 0.38289292 0.00809109]
[0.60907631 0.38297826 0.00794543]
[0.60913516 0.38306151 0.00780333]
[0.60919259 0.38314275 0.00766466]
[0.60924863 0.38322204 0.00752933]
[0.60930335 0.38329943 0.00739722]
[0.60935678 0.38337501 0.00726821]
[0.60940896 0.38344882 0.00714222]
[0.60945993 0.38352091 0.00701915]
[0.60950974 0.38359136 0.0068989 ]
[0.60955841 0.38366019 0.00678139]
[0.60960599 0.38372748 0.00666653]
[0.6096525  0.38379326 0.00655424]
[0.60969799 0.38385757 0.00644444]
[0.60974247 0.38392047 0.00633706]
